{"ids":["btc","eth","xrp","bnb","sol","trx","xlm","doge","link","ada","ton","shib","dxy"],"matrix":[[1,0.87,0.84,0.75,0.81,0.44,0.24,0.73,0.8,0.74,0.35,0.75,-0.29],[0.87,1,0.86,0.7,0.84,0.39,0.24,0.75,0.87,0.78,0.34,0.77,-0.42],[0.84,0.86,1,0.72,0.86,0.36,0.39,0.8,0.9,0.82,0.34,0.85,-0.37],[0.75,0.7,0.72,1,0.72,0.42,0.06,0.69,0.74,0.7,0.36,0.7,-0.4],[0.81,0.84,0.86,0.72,1,0.3,0.29,0.72,0.88,0.82,0.42,0.82,-0.43],[0.44,0.39,0.36,0.42,0.3,1,-0.24,0.38,0.42,0.42,0.33,0.34,-0.07],[0.24,0.24,0.39,0.06,0.29,-0.24,1,0.22,0.25,0.26,0.07,0.29,-0.15],[0.73,0.75,0.8,0.69,0.72,0.38,0.22,1,0.82,0.79,0.36,0.84,-0.26],[0.8,0.87,0.9,0.74,0.88,0.42,0.25,0.82,1,0.86,0.51,0.88,-0.38],[0.74,0.78,0.82,0.7,0.82,0.42,0.26,0.79,0.86,1,0.51,0.83,-0.35],[0.35,0.34,0.34,0.36,0.42,0.33,0.07,0.36,0.51,0.51,1,0.47,-0.13],[0.75,0.77,0.85,0.7,0.82,0.34,0.29,0.84,0.88,0.83,0.47,1,-0.35],[-0.29,-0.42,-0.37,-0.4,-0.43,-0.07,-0.15,-0.26,-0.38,-0.35,-0.13,-0.35,1]]}