{"ids":["btc","eth","xrp","bnb","sol","trx","xlm","doge","link","ada","ton","shib","dxy"],"matrix":[[1,0.85,0.85,0.73,0.82,0.48,0.22,0.74,0.8,0.75,0.37,0.77,-0.27],[0.85,1,0.88,0.69,0.86,0.43,0.22,0.77,0.88,0.79,0.37,0.78,-0.41],[0.85,0.88,1,0.71,0.86,0.39,0.35,0.78,0.9,0.81,0.35,0.83,-0.38],[0.73,0.69,0.71,1,0.71,0.44,0.02,0.67,0.73,0.68,0.37,0.69,-0.39],[0.82,0.86,0.86,0.71,1,0.34,0.26,0.69,0.87,0.81,0.42,0.8,-0.46],[0.48,0.43,0.39,0.44,0.34,1,-0.24,0.42,0.48,0.45,0.36,0.39,-0.04],[0.22,0.22,0.35,0.02,0.26,-0.24,1,0.18,0.22,0.22,0.06,0.25,-0.15],[0.74,0.77,0.78,0.67,0.69,0.42,0.18,1,0.81,0.77,0.35,0.82,-0.26],[0.8,0.88,0.9,0.73,0.87,0.48,0.22,0.81,1,0.85,0.53,0.87,-0.4],[0.75,0.79,0.81,0.68,0.81,0.45,0.22,0.77,0.85,1,0.52,0.81,-0.36],[0.37,0.37,0.35,0.37,0.42,0.36,0.06,0.35,0.53,0.52,1,0.48,-0.15],[0.77,0.78,0.83,0.69,0.8,0.39,0.25,0.82,0.87,0.81,0.48,1,-0.38],[-0.27,-0.41,-0.38,-0.39,-0.46,-0.04,-0.15,-0.26,-0.4,-0.36,-0.15,-0.38,1]]}