{"ids":["btc","eth","xrp","bnb","sol","trx","xlm","doge","link","ada","ton","shib","dxy"],"matrix":[[1,0.87,0.84,0.75,0.81,0.42,0.25,0.74,0.8,0.75,0.34,0.76,-0.29],[0.87,1,0.86,0.7,0.84,0.37,0.24,0.75,0.87,0.78,0.35,0.77,-0.42],[0.84,0.86,1,0.73,0.86,0.35,0.39,0.8,0.9,0.82,0.34,0.85,-0.37],[0.75,0.7,0.73,1,0.73,0.4,0.06,0.69,0.75,0.7,0.36,0.71,-0.4],[0.81,0.84,0.86,0.73,1,0.28,0.29,0.72,0.88,0.83,0.41,0.82,-0.43],[0.42,0.37,0.35,0.4,0.28,1,-0.24,0.37,0.4,0.4,0.32,0.32,-0.07],[0.25,0.24,0.39,0.06,0.29,-0.24,1,0.22,0.26,0.26,0.07,0.29,-0.15],[0.74,0.75,0.8,0.69,0.72,0.37,0.22,1,0.82,0.79,0.35,0.84,-0.26],[0.8,0.87,0.9,0.75,0.88,0.4,0.26,0.82,1,0.87,0.49,0.88,-0.38],[0.75,0.78,0.82,0.7,0.83,0.4,0.26,0.79,0.87,1,0.49,0.83,-0.35],[0.34,0.35,0.34,0.36,0.41,0.32,0.07,0.35,0.49,0.49,1,0.46,-0.13],[0.76,0.77,0.85,0.71,0.82,0.32,0.29,0.84,0.88,0.83,0.46,1,-0.35],[-0.29,-0.42,-0.37,-0.4,-0.43,-0.07,-0.15,-0.26,-0.38,-0.35,-0.13,-0.35,1]]}