{"ids":["btc","eth","xrp","bnb","sol","trx","xlm","doge","link","ada","ton","shib","dxy"],"matrix":[[1,0.86,0.84,0.74,0.8,0.47,0.23,0.73,0.78,0.74,0.37,0.74,-0.26],[0.86,1,0.86,0.69,0.84,0.42,0.23,0.75,0.86,0.78,0.37,0.76,-0.4],[0.84,0.86,1,0.71,0.86,0.37,0.38,0.8,0.9,0.82,0.36,0.84,-0.35],[0.74,0.69,0.71,1,0.71,0.43,0.05,0.68,0.73,0.69,0.37,0.69,-0.38],[0.8,0.84,0.86,0.71,1,0.31,0.28,0.71,0.88,0.82,0.43,0.81,-0.41],[0.47,0.42,0.37,0.43,0.31,1,-0.24,0.39,0.44,0.43,0.33,0.35,-0.07],[0.23,0.23,0.38,0.05,0.28,-0.24,1,0.21,0.24,0.25,0.07,0.28,-0.14],[0.73,0.75,0.8,0.68,0.71,0.39,0.21,1,0.81,0.78,0.37,0.83,-0.24],[0.78,0.86,0.9,0.73,0.88,0.44,0.24,0.81,1,0.86,0.54,0.88,-0.36],[0.74,0.78,0.82,0.69,0.82,0.43,0.25,0.78,0.86,1,0.52,0.82,-0.32],[0.37,0.37,0.36,0.37,0.43,0.33,0.07,0.37,0.54,0.52,1,0.48,-0.13],[0.74,0.76,0.84,0.69,0.81,0.35,0.28,0.83,0.88,0.82,0.48,1,-0.33],[-0.26,-0.4,-0.35,-0.38,-0.41,-0.07,-0.14,-0.24,-0.36,-0.32,-0.13,-0.33,1]]}