{"ids":["btc","eth","xrp","bnb","sol","trx","xlm","doge","link","ada","ton","shib","dxy"],"matrix":[[1,0.86,0.85,0.74,0.81,0.47,0.22,0.73,0.79,0.74,0.37,0.76,-0.28],[0.86,1,0.88,0.69,0.85,0.42,0.23,0.76,0.87,0.79,0.37,0.79,-0.41],[0.85,0.88,1,0.71,0.85,0.38,0.36,0.78,0.9,0.81,0.36,0.84,-0.39],[0.74,0.69,0.71,1,0.71,0.43,0.03,0.67,0.74,0.69,0.37,0.69,-0.39],[0.81,0.85,0.85,0.71,1,0.33,0.26,0.7,0.87,0.81,0.43,0.8,-0.46],[0.47,0.42,0.38,0.43,0.33,1,-0.24,0.4,0.46,0.44,0.34,0.37,-0.04],[0.22,0.23,0.36,0.03,0.26,-0.24,1,0.19,0.22,0.23,0.07,0.25,-0.15],[0.73,0.76,0.78,0.67,0.7,0.4,0.19,1,0.81,0.77,0.37,0.82,-0.26],[0.79,0.87,0.9,0.74,0.87,0.46,0.22,0.81,1,0.86,0.54,0.87,-0.4],[0.74,0.79,0.81,0.69,0.81,0.44,0.23,0.77,0.86,1,0.53,0.81,-0.36],[0.37,0.37,0.36,0.37,0.43,0.34,0.07,0.37,0.54,0.53,1,0.49,-0.14],[0.76,0.79,0.84,0.69,0.8,0.37,0.25,0.82,0.87,0.81,0.49,1,-0.38],[-0.28,-0.41,-0.39,-0.39,-0.46,-0.04,-0.15,-0.26,-0.4,-0.36,-0.14,-0.38,1]]}