{"ids":["btc","eth","xrp","bnb","sol","trx","xlm","doge","link","ada","ton","shib","dxy"],"matrix":[[1,0.85,0.86,0.73,0.82,0.52,0.2,0.75,0.81,0.76,0.37,0.77,-0.3],[0.85,1,0.89,0.68,0.86,0.46,0.21,0.78,0.89,0.8,0.36,0.79,-0.44],[0.86,0.89,1,0.7,0.86,0.4,0.34,0.78,0.9,0.81,0.34,0.83,-0.41],[0.73,0.68,0.7,1,0.7,0.45,0.01,0.67,0.73,0.68,0.36,0.68,-0.42],[0.82,0.86,0.86,0.7,1,0.35,0.25,0.7,0.87,0.81,0.42,0.8,-0.48],[0.52,0.46,0.4,0.45,0.35,1,-0.27,0.45,0.49,0.46,0.36,0.41,-0.09],[0.2,0.21,0.34,0.01,0.25,-0.27,1,0.17,0.2,0.22,0.05,0.24,-0.16],[0.75,0.78,0.78,0.67,0.7,0.45,0.17,1,0.81,0.77,0.35,0.82,-0.27],[0.81,0.89,0.9,0.73,0.87,0.49,0.2,0.81,1,0.85,0.53,0.87,-0.42],[0.76,0.8,0.81,0.68,0.81,0.46,0.22,0.77,0.85,1,0.52,0.81,-0.38],[0.37,0.36,0.34,0.36,0.42,0.36,0.05,0.35,0.53,0.52,1,0.48,-0.14],[0.77,0.79,0.83,0.68,0.8,0.41,0.24,0.82,0.87,0.81,0.48,1,-0.41],[-0.3,-0.44,-0.41,-0.42,-0.48,-0.09,-0.16,-0.27,-0.42,-0.38,-0.14,-0.41,1]]}