{"ids":["btc","eth","xrp","bnb","sol","trx","xlm","doge","link","ada","shib","ton","dxy"],"matrix":[[1,0.87,0.84,0.75,0.81,0.41,0.24,0.74,0.8,0.75,0.76,0.35,-0.31],[0.87,1,0.86,0.7,0.84,0.36,0.24,0.75,0.87,0.78,0.77,0.35,-0.4],[0.84,0.86,1,0.73,0.86,0.33,0.39,0.81,0.9,0.82,0.85,0.34,-0.34],[0.75,0.7,0.73,1,0.73,0.39,0.07,0.69,0.75,0.71,0.71,0.36,-0.34],[0.81,0.84,0.86,0.73,1,0.27,0.3,0.73,0.89,0.83,0.82,0.41,-0.38],[0.41,0.36,0.33,0.39,0.27,1,-0.25,0.36,0.38,0.39,0.31,0.32,-0.1],[0.24,0.24,0.39,0.07,0.3,-0.25,1,0.23,0.26,0.27,0.3,0.07,-0.11],[0.74,0.75,0.81,0.69,0.73,0.36,0.23,1,0.82,0.79,0.84,0.35,-0.23],[0.8,0.87,0.9,0.75,0.89,0.38,0.26,0.82,1,0.87,0.88,0.49,-0.32],[0.75,0.78,0.82,0.71,0.83,0.39,0.27,0.79,0.87,1,0.83,0.48,-0.31],[0.76,0.77,0.85,0.71,0.82,0.31,0.3,0.84,0.88,0.83,1,0.46,-0.29],[0.35,0.35,0.34,0.36,0.41,0.32,0.07,0.35,0.49,0.48,0.46,1,-0.13],[-0.31,-0.4,-0.34,-0.34,-0.38,-0.1,-0.11,-0.23,-0.32,-0.31,-0.29,-0.13,1]]}